206354
167050
5835
182967
457922
250649
433688
303104
135144
439676
425094
380869
249500
334664
168615
26981
211163
479063
214144
382467
299372
416538
3091
106002
159521
302270
58429
229966
319139
211458
480931
395996
27910
243626
194134
59609
335634
237130
291007
325065
291637
443006
238624
240302
389957
207455
288097
483088
208200
83056
272778
98536
45638
124452
380492
54814
230830
438008
397017
274003
359955
47542
426567
415736
247503
277773
386751
179839
443747
146103
315422
385486
379545
474751
151520
140382
135724
482994
244724
135021
271135
458139
308955
152838
106168
68935
113218
372161
108654
125231
135333
405939
206432
316838
396917
453827
27598
406156
368355
348792
331528
142051
232944
203196
47251
24483
312444
354400
492811
412432
75732
449264
241346
350763
283065
243646
97613
356853
413480
330247
188816
487381
258787
394167
415819
320493
426538
287375
370118
245584
476458
192448
377086
206295
102935
388168
253382
285768
201974
354850
37275
109367
101570
337693
389442
35872
454807
224978
359940
34830
409580
188255
454664
97476
87270
390082
455639
441887
407242
176798
44639
182145
265393
84404
392651
327936
327029
369209
409147
343151
32659
263994
108119
198284
145395
312015
22714
132450
405546
469918
329765
233994
471795
284417
156824
97816
311501
407068
469618
459387
450042
352791
165712
23829
26451
375048
95558
393866
40837
413665
405441
499248
88749
53345
104424
160289
244261
178227
418865
369196
399889
471260
289360
272174
453592
339501
199297
151349
175209
468603
21377
354656
174541
169929
285443
113840
55924
25244
337915
125168
8104
60332
93062
499010
68611
268670
365927
170781
3355
472499
258775
423217
189047
426810
442196
499782
367562
278006
157460
396958
263870
415435
58618
101236
60771
38707
440466
339320
113417
381058
115479
151171
186647
6623
289821
349082
104049
61934
435322
387300
124426
394091
1143
65896
366074
229279
308377
66480
335421
368309
427268
287891
196253
468678
88714
215031
67947
311371
2272
218373
10703
149165
67178
231962
406093
17722
170309
133609
127387
173136
243966
183705
5823
242485
176832
455687
222846
59369
21493
142768
130787
394649
497978
498721
179847
401571
383635
135273
361900
7947
30199
225732
272901
373906
122934
252352
79688
198460
68117
373016
165428
183729
191647
197260
219152
198233
445131
143725
212952
413792
73245
354640
32240
467100
265957
179907
65606
75401
366278
349926
18096
128904
435121
310291
77279
36874
44271
209369
243084
38163
226257
166943
234334
15643
396970
79969
476828
65466
298468
312412
136097
486326
337036
488757
451622
359618
343552
337926
268744
316705
75926
317645
244393
153972
459177
171740
418312
410326
379695
168813
2001
391486
415835
219922
292077
183637
207634
43548
155821
187359
98194
485745
244290
454774
421043
91016
438134
104774
442031
449049
222877
36265
248717
429328
146072
220376
30544
259493
43760
270691
279600
343393
253978
450190
394727
337186
466139
311263
379790
225190
34743
391452
273861
287635
26467
258919
448629
252075
240044
213446
182764
301600
460984
467300
271856
123677
301996
417314
483113
51342
139442
62166
24056
183085
5705
171773
325042
356518
138122
303527
219441
155368
681
468487
214248
269496
187729
283970
128816
158342
195497
24537
16201
260064
481087
453418
446888
243148
173893
42727
407219
96621
456857
305448
358926
434012
271923
133936
392086
67244
103707
393378
123903
344282
403269
205371
59711
370333
342458
116970
393348
167366
231176
480126
312386
72
126731
122776
43108
206747
268251
195643
23776
71931
327615
428372
382440
182189
214615
117597
122530
85542
293079
244840
331800
316538
285794
108293
200209
67194
350286
14099
207186
145090
11901
25332
75528
259378
94451
386606
197260
326662
454321
8059
458462
488428
8958
228251
403851
460993
225920
390860
366843
374516
20130
386524
237478
255362
294608
313757
234883
293105
354839
184945
130297
347222
38679
29453
332421
150526
404831
187659
363005
7145
179994
112610
252618
491448
46670
159777
114759
320375
34253
360405
485080
68607
436829
387010
89169
29996
229061
20021
44022
379565
228582
418436
254984
438726
107191
360515
488033
92145
23733
106354
29228
350776
169380
177814
126482
85936
215146
56547
65008
278724
124262
405300
468137
245079
245425
39489
487518
252908
170558
467269
152208
236720
83421
70540
159398
284462
30285
420953
149458
154800
293225
413607
320168
335776
189825
336662
386633
20646
166578
207664
77775
64310
229777
305803
242834
64448
44974
340929
441927
205145
72879
327444
219361
491524
136107
257167
90811
463253
333056
24949
363406
245707
21767
441858
111410
149641
467446
278993
154101
27467
138497
245808
397253
243689
692
332221
96709
391155
463717
74166
14200
154426
154760
435856
331912
282220
353295
152658
186146
257473
337934
15747
464269
32355
340571
328808
317205
378286
42959
105181
326245
302258
244790
286302
222750
161097
12365
41946
288053
51231
22813
201893
20949
220597
122238
81223
44963
438909
374458
64594
404964
58874
158383
428851
161863
407281
89529
64381
39067
252460
305615
491038
357018
214242
385454
244437
421107
260544
64952
217095
10624
344797
411979
475702
94004
319797
433145
380020
383668
81939
141907
368253
225162
35807
349166
407783
421464
79180
53845
120486
439890
330987
9227
112526
273344
240884
244689
47222
158911
45656
115957
349684
426391
231134
3975
115010
81424
285906
157795
114040
103651
100253
242274
383720
64870
470150
232696
491671
88861
199539
247285
259570
28832
242611
458188
452307
283322
102702
297809
115011
73685
489495
113589
202118
152861
163193
434276
244782
203632
215472
36306
392311
446817
55569
142437
316203
211009
277116
466134
259015
480017
139145
262710
31791
452848
267037
260697
470480
14572
391203
170786
136059
118622
48119
439598
250500
128008
345091
190330
256491
129253
106785
92857
199644
347172
403063
387698
330347
332411
6921
201879
151905
307738
120301
11808
451068
380373
77101
217141
92332
220113
47752
245403
264091
176622
399913
98723
432377
75287
383705
198459
165063
30738
19403
146813
126236
440
279500
470118
279842
362635
17519
360578
315878
292419
464661
179834
23169
85802
450678
28624
363147
415132
31458
63203
425402
286972
254235
444918
83789
66755
104446
174835
52238
291351
228810
260544
83539
397003
389888
12444
377974
51786
426459
450052
71298
261217
135857
337326
84685
314792
7813
418565
18742
267102
44979
273345
273197
222930
384658
44901
69673
121854
432938
1196
135407
23247
13418
116598
457382
490676
115879
11551
432599
235261
314750
42342
322974
275255
51809
227053
251220
489804
255978
284905
491619
74667
29676
394796
214199
218485
20910
27238
482213
435157
3563
497867
127110
308504
437274
329334
469195
407481
104423
451767
376659
389106
325924
485515
270688
428805
372791
193775
18959
112386
179760
347362
21159
131339
441614
369502
340499
319591
227313
484515
102728
259090
181093
446375
181344
488820
18510
309335
93347
486096
115543
96209
135469
407349
452853
249257
72439
229962
353806
121667
329365
394249
59608
263062
341461
464928
286014
5436
193270
375248
266056
5079
223165
115284
145908
326978
112658
93767
470366
50263
231876
213247
435778
98799
36039
192665
436811
483652
482321
29096
173422
476655
9241
81901
369453
360754
161493
147938
382057
498752
474398
284280
33429
232460
162665
3691
242486
93281
318404
476624
319518
322779
301055
112864
102644
24411
316468
306772
166527
11122
236517
191011
159648
230807
272305
52221
76171
465010
338176
409062
159553
256504
19069
388878
190923
232195
144228
261957
187560
320328
488509
2970
48126
257899
131211
193661
38011
377080
176998
184524
71542
141241
124649
158178
266867
392151
420773
301645
137926
159299
255681
307908
311874
456837
268101
174651
22316
464823
154774
47773
196622
208361
84022
284570
484784
473890
343445
224788
482482
232331
308588
386415
148456
147357
336836
44866
41816
474598
45144
284980
338199
287116
187307
439657
353723
184067
421182
270112
482128
389750
493889
61634
462706
394178
274902
47141
206588
64597
281284
178456
343242
455971
300032
473041
71512
262057
276317
300915
263455
51523
434455
410063
198402
490586
237008
389472
31060
144488
447305
403448
171355
478796
353683
280937
65516
221121
275269
123426
125657
111385
122394
307174
389446
194501
450128
89914
461389
109112
431899
256680
33637
314302
471781
456126
271206
360740
179760
6974
88961
457655
229938
180233
213670
94020
269969
489177
145715
88452
8521
43723
387475
57815
347338
341079
460604
118613
474929
88284
429436
278997
59997
327902
136130
135821
27695
475286
359070
284487
111750
128282
119049
224876
364641
145430
254755
225199
451200
302923
465925
451342
205568
264051
426246
134355
21558
203750
387959
6602
489192
35746
181855
448941
100398
163013
239870
363330
330990
466806
384572
413674
81674
106520
338473
58039
131166
5186
76436
173245
270767
278047
311133
457301
145267
466907
163680
355992
482819
418364
432480
268662
184751
304679
258516
211501
434599
21422
44429
33863
416524
115838
323364
355542
159036
108131
493017
335362
220359
471888
433371
362377
276341
162794
203483
362273
166584
240192
185965
300770
373031
420414
170842
369352
279123
71579
267433
484919
280615
488868
67945
33942
366350
229967
413183
369264
41236
403835
408365
402409
118378
160312
164738
244415
272385
86078
307
162139
292414
302255
250190
82586
313847
234290
71883
41465
218512
4904
372642
58891
365219
301660
179563
303079
3754
179494
447341
91369
368030
114499
270418
122640
45832
27143
349614
50062
498291
132021
174437
431847
37982
373423
85169
474783
41421
343918
153696
361105
350926
309387
156486
237880
438385
225242
92295
187728
346961
282158
434082
337941
496576
398612
413691
258710
146124
141879
475037
393568
317938
216289
434666
82873
378522
199677
239553
257884
411684
258763
187055
450101
267706
423345
118619
21922
311331
395793
181348
12702
280419
303420
397871
165951
20879
287603
187837
222710
189749
314065
171529
173309
423204
330529
63163
350017
151105
483898
302840
6126
229434
393795
445427
247128
30771
391214
75888
167129
411521
241962
287363
16912
164526
346691
57088
170728
225207
202990
137007
333191
8591
377398
204467
120531
288780
436989
6058
129371
115531
464994
200037
236676
408440
217737
308260
287802
407413
418607
224736
239861
357870
210415
422659
370344
458056
100865
183601
401937
14836
75903
205522
208065
210841
496160
367505
134800
198646
236332
61167
467354
127142
109262
472180
303746
287852
391725
166814
119467
165289
167738
414538
156506
171288
437423
22932
369011
196195
439350
490732
335106
498702
492015
6250
187643
155748
482097
38911
107742
78592
52903
158311
247839
435538
67990
101098
219859
323639
431688
181492
381575
72729
148317
425081
318221
67755
97601
449914
428119
113754
272558
15074
267321
3433
427919
427429
356508
35592
408830
295338
152599
104326
13481
429961
156240
348725
429701
396288
51081
498044
498334
78245
52087
459460
99834
72265
160341
346938
327830
29674
456013
87982
281411
405120
96612
447429
169683
157553
158612
198649
450332
159854
362113
149775
58102
195806
428929
149335
353427
124613
224509
422769
310942
241719
368648
225736
98235
293246
91142
402996
495005
435829
447591
327056
230415
367684
166472
167019
193372
21360
48816
82675
324520
478980
240731
93999
490395
66491
175292
391150
58320
491813
474246
265892
38971
157693
45052
50843
475029
89378
303002
268047
61931
126635
247167
97667
294548
485267
11677
157104
464143
253770
44507
186753
15490
21124
156013
228243
336564
177613
406488
450240
204062
405636
364091
444906
438998
195190
250321
247470
63256
81196
21196
331515
34530
87467
217112
419738
428172
473161
298551
300277
163485
6226
472465
241967
69184
123924
266273
28079
15168
206405
202687
43985
231648
84015
137459
306836
161462
205164
250353
435286
128441
298443
86443
475704
279281
228560
373077
272665
347988
180419
52640
185769
185053
302896
490385
491906
380918
460312
403766
327576
432523
428686
82793
493315
19651
231969
156843
462423
26855
246176
72743
381760
49563
305867
234194
478020
408603
218638
282426
368948
271151
372811
251122
457814
473005
441056
49490
364089
170870
30426
375046
133103
278392
417805
226885
196827
400814
281877
150157
464865
172096
345669
292566
409095
51081
346044
187103
440457
365882
326419
7201
158703
184454
448793
27916
255091
381702
412738
200330
146811
240968
235316
415481
58729
374731
347662
398562
186703
119722
429920
15699
281718
386511
449618
195393
346015
49624
97003
219472
267159
385055
337629
159330
373474
458337
244891
81755
222899
460552
297203
186021
451198
163187
123906
19568
102170
203213
425494
347943
482679
28941
67941
381742
215248
260828
451540
174091
330065
83356
331971
355892
432777
339231
460953
276956
2129
481755
61602
306819
190674
445465
104279
132940
395344
303239
46677
159162
349921
135058
299571
383637
496986
166850
115806
486862
5447
137576
292024
410602
335144
292163
398768
192585
40777
42780
498667
148689
365199
164514
437854
176927
379456
345509
353231
451964
313319
228381
46055
374019
412808
306549
451183
68616
359037
63550
249849
442595
20328
141202
15206
492839
261528
233236
83868
490090
430089
164167
212877
199595
300809
487354
215099
260808
157617
174776
440315
238519
295965
347950
320158
243573
60723
472407
208567
462941
472400
110736
89049
243535
424427
343721
383001
380603
41279
442971
230019
139086
275094
157176
434667
246847
214688
285958
226982
169662
433710
247530
226154
271895
397123
80072
63262
379496
453669
473861
390817
236586
119913
498461
112578
54522
421712
310094
86021
220816
381021
273192
258997
192587
269250
298649
122297
46480
56897
381827
282043
99680
167316
321516
182860
127982
182353
95201
172271
482455
461039
69595
65342
94195
57983
127381
244430
79100
311138
93240
96966
477410
363951
321255
374174
423727
454852
236243
155102
336993
180314
154704
388393
36119
12936
2620
247113
340605
307303
400512
142720
399995
369776
254449
388616
72339
122390
358231
297110
266837
172372
388841
252512
95101
414468
21012
4754
229459
369402
114901
313652
357661
292417
245545
101112
407183
10580
240176
277476
248681
54582
338563
465449
380354
375951
29026
175771
130716
250352
335001
374348
365503
435094
91368
74327
29798
146854
58170
374313
341375
277945
225116
366265
497327
239108
436052
1878
299492
438263
58653
412188
393013
355105
139245
417248
4412
305508
499178
392135
255055
440673
434592
198549
44435
427399
438421
396639
464411
494186
332257
127406
48634
18225
90339
218148
287012
365195
193451
173294
384413
115763
401094
156802
41072
251940
333491
121019
45093
370177
81882
49489
333166
122024
167297
127543
139375
412673
96136
221401
160388
428485
34626
104667
64683
309000
461491
58057
43842
26042
163631
41728
333757
250979
382632
389311
35179
186632
380266
35062
195376
428492
464021
18941
64651
284029
470244
404837
163286
133263
96989
400380
128479
326266
447725
434415
100698
274542
228910
231340
113860
86130
288258
405875
312637
313013
32711
346356
130977
280458
199191
490950
337173
71950
70898
476706
331477
417473
210051
321719
486913
385333
484997
23464
145507
218034
301358
174345
334100
106944
28809
331381
355729
499458
279628
495416
377475
3577
287762
323692
369409
229307
160135
199049
88960
40325
342801
226918
430180
102214
454406
399648
419697
338767
88600
263217
429483
319598
387949
442016
417188
382406
256458
243476
205988
425820
264544
100678
310843
83352
337547
327085
471050
44945
482554
315975
203723
453938
167876
318382
282939
363805
328463
197355
388228
391599
433688
223963
273701
496613
409212
54254
244232
421612
342017
413798
314309
123368
126985
172287
209325
326808
326322
386043
460103
478105
349769
273783
412937
18449
73449
80287
274610
459931
486627
200116
22474
405543
276561
301857
364483
440370
3040
463829
286823
215746
330991
487780
421692
44376
131194
23754
349146
237037
304174
364226
95660
46332
340695
436853
363589
229984
387578
5998
214533
191070
312260
436719
293515
244345
464964
309977
385166
141300
493049
120151
196635
405121
202304
465144
487527
32938
222077
324639
417639
354754
199054
7500
83209
32318
303273
329553
85438
119410
289961
238332
120512
140750
128785
480205
402407
259484
241881
27412
308706
249359
185416
259750
351130
139433
167353
207007
386213
224675
69324
476086
36118
198201
411449
273091
30508
190879
491110
341775
411051
374238
79738
330405
185334
325573
458720
310025
226402
348760
403678
125527
479245
189670
83251
358596
239881
245624
223391
127032
150932
436039
66772
300460
262400
143654
497241
46946
169213
113272
14178
151761
189399
174862
40950
127568
84122
356017
253274
229863
324039
304238
470126
470831
483253
776
303064
279170
54684
273394
51164
19953
341761
334580
202414
337292
232343
443781
321739
278869
163710
162703
354184
320230
162682
346771
473107
128973
202594
399388
225248
108784
99216
368981
252684
214308
309207
315367
132058
34608
33490
112309
246073
429274
380918
456119
94810
126746
189087
490458
482486
472532
162644
247307
73526
199465
463527
386453
266650
445687
274958
438396
70381
184632
57359
18279
170126
83805
68902
418835
405078
497131
482377
442567
302038
272019
416209
380377
342511
394799
30603
30358
482372
215018
460740
450795
232559
26985
38429
166606
428298
303791
403924
37949
35690
392895
228383
447197
467475
146126
67321
374189
30771
124569
431158
209066
412780
162228
317587
265873
46057
91089
412931
392928
381353
6833
219968
83145
288337
389024
1479
348166
67879
266538
329868
454074
210391
220865
128296
81962
181883
90654
405914
362309
72448
157717
260765
134528
448194
366228
234301
26618
496467
224023
316960
364131
344545
418895
189049
197106
337587
462159
23369
187316
145939
409307
445046
463445
168988
88208
76634
213618
275133
160532
77005
88741
20253
341119
199496
350917
442268
127
186483
233906
239087
126523
405892
236177
61750
190498
221864
165426
117208
67034
16597
231813
294786
300508
435439
427891
328373
367421
479903
425620
265058
67770
144379
187346
474094
427860
242983
162212
64630
105654
116585
329952
246145
53945
42847
28569
369410
395546
421394
13111
48431
33037
191087
202572
232079
456710
346854
19088
461582
177721
232864
459078
155182
70575
320253
136282
479342
101270
60365
347565
369472
493057
63703
447484
230934
39591
77669
341053
6852
174833
14660
392131
32236
322145
140228
50253
236047
375248
51954
216575
114621
495483
362278
474829
14088
496050
75803
60375
376977
269042
172923
209280
92098
336470
304407
473417
119303
185497
455853
383844
295848
359394
483972
269148
331282
169932
85356
492640
220367
494575
347466
492833
20179
206313
70132
313727
242745
98443
117688
48497
312730
73469
12267
147550
61818
205861
93253
188506
111220
304079
344690
238307
438614
126610
105111
296025
374994
451534
410760
421323
118231
122896
488559
271028
203908
251666
151901
200786
389813
235958
2736
392770
424367
352396
196296
60640
93149
353542
333396
410601
343186
330205
76083
193631
430212
256229
224513
110565
395819
382668
386097
139444
384986
208037
202244
109928
461966
223111
221677
17720
303748
15703
490319
129200
85695
357917
43685
421520
373633
301634
334024
266098
182615
36190
124685
227488
82794
105237
58027
109732
40230
50944
260018
27306
16634
54524
52000
286528
331803
498552
26943
314516
244083
413473
469377
419167
136786
355741
469405
434363
202551
126313
342804
7576
418788
260487
72093
372010
403408
498271
474807
82301
370096
271753
112658
106612
478000
308996
421977
310424
459094
82926
450090
29813
117508
399456
328992
32701
69762
499142
12383
25390
34611
124415
18584
89886
49856
499389
439934
266342
56859
460686
16664
391112
495865
287446
6678
377176
258258
31940
311324
232838
347784
161593
56362
377186
113612
413137
356478
33986
304446
283230
39710
83565
74800
184784
293734
5673
294710
324952
40422
60319
163242
421144
378991
213051
482247
328173
129016
243964
78472
239119
68598
9610
2874
257625
38095
210380
111533
160832
472793
73574
310437
20615
380631
462610
323578
264987
307926
374041
13386
483440
332534
409184
269468
374087
90451
69790
217651
424906
83300
227105
486271
260868
78927
65974
310218
404968
365840
77961
432209
378068
182274
193085
47450
152125
110039
336399
18375
23182
35314
352453
133301
330272
241964
216199
309835
373301
118623
388698
126977
241282
130
26342
265504
57306
264289
273871
23349
221518
418701
200583
247190
63071
234568
113187
10365
445840
340730
364462
66695
301280
415278
7190
114667
246761
218679
48556
194128
376059
478157
176309
104156
363770
162356
161588
107734
124638
241935
363347
345802
371583
104086
350785
305801
153365
395808
326223
360405
77383
36339
112741
41268
278584
439029
124654
379914
378772
454300
453874
321891
383683
488769
199222
66615
238832
124172
304670
443979
212064
413407
464253
109839
482209
230721
403967
268843
392407
419637
175144
145753
271120
140713
128086
293439
291748
346501
289816
468389
426171
352882
64928
417112
270073
240437
351316
468070
269637
219210
376835
38133
452105
495658
455239
457454
146040
214485
110470
187652
459588
459790
247794
380374
306937
97674
112281
76074
463128
415064
392341
59387
251593
329426
180299
139143
429339
189680
415715
421292
114741
163346
322832
229273
24077
272756
122723
464490
219788
348171
42297
288332
421502
322625
230045
418237
491197
211657
260853
332936
322277
394063
10472
153859
255290
29429
209150
341565
243736
252343
41219
52221
340809
446313
255286
264684
434956
123021
405332
56570
336549
148285
299086
421638
496622
301686
27665
400790
262530
360058
360034
35412
371088
45372
111577
484098
214288
426457
361171
70947
368059
384101
407375
319518
492834
313187
123193
463461
116143
216018
74875
93019
260758
474488
34107
365238
58103
454768
105483
331126
58004
55449
52727
124916
327841
348338
324572
362012
351357
319197
237804
162539
53707
30972
166861
108263
41665
147929
234074
248374
346112
433097
292153
193905
112176
117391
173410
66550
90011
355456
180804
220833
397011
86972
307513
353136
239971
268780
64226
248544
154826
332142
497332
64140
299217
353103
454286
384372
124855
253043
276054
91370
160200
489358
24693
5152
319276
145684
182203
341705
351114
250359
232371
143973
459523
340749
197431
85986
161928
418716
405321
134910
36687
155082
203667
251037
71680
254346
304024
297899
172826
265663
289897
250552
84212
144564
416507
328029
213679
24750
301918
429005
203500
433633
285221
413559
139802
361610
403061
207783
40824
201426
261797
175240
253775
496250
31966
362791
63994
187204
45438
62184
223416
81781
410777
236373
22672
198225
274854
129561
168007
14376
74856
429548
208161
406465
181264
49793
288607
408069
170639
197344
393501
160006
369908
404227
275749
270962
253817
129776
102601
318058
122655
126282
208278
494766
416121
13350
893
228985
136318
491426
256525
48093
226689
276087
384556
121840
82867
123217
497349
371722
271664
198043
367583
175171
62086
92152
488202
433890
276034
344039
58781
98696
345515
419816
414943
399414
364008
16308
79712
109505
348480
393923
167308
155192
234990
339079
104035
265394
55880
66316
9578
21116
360139
490960
452988
355553
448948
131959
146742
324993
464364
446175
346314
71718
386762
429805
53242
327084
423945
274677
138074
292367
480923
249240
235613
463494
196398
225339
122354
72650
412018
217537
391319
345387
174253
413942
445484
169105
247012
275359
284668
427882
280748
170339
280744
317333
395121
456087
194619
347371
478263
106805
288701
297440
267300
220936
485270
230085
377680
93050
356883
117609
111098
164802
168482
182107
167644
53818
87278
323355
82676
77724
42586
221204
144253
254395
56962
415484
492200
245166
395793
63719
61994
453006
153388
60813
72752
243637
320301
354071
328470
417364
23613
394449
349749
73242
274755
181613
303991
262266
401164
398363
103739
11151
120273
194956
142328
217746
119342
242047
77231
399840
392698
386373
229132
18241
377423
110152
206870
397605
86489
467093
233902
488194
228879
255401
474165
404045
246918
397722
469244
367416
23538
42628
288947
419094
119075
174953
231502
192848
188766
119718
363795
146598
203862
133566
101780
184728
41966
474500
285426
202393
467151
206200
336551
490271
210781
486187
146586
345857
276347
299684
338779
53533
188311
237603
6925
345124
71936
412184
390154
207499
189756
131688
274958
393567
207284
209572
203812
102284
136445
46815
323724
430586
391305
413776
456522
11662
483954
81613
79188
87107
66287
41579
275021
499317
141009
284216
362714
196747
467583
81495
123901
430585
380630
320893
205326
102313
253695
228788
86198
403382
268634
246068
257278
191380
259004
80486
382098
327924
101787
462396
120714
69590
50213
315146
118627
54768
220527
23899
144456
375318
193817
145513
71830
457346
386984
196763
225684
457320
470269
449906
408306
84280
117734
103411
351158
441512
309571
68997
259845
20807
206470
81930
486243
348557
495360
89218
113261
203820
256060
292565
5711
302259
371740
22015
320417
453287
191991
14283
289476
463125
367436
493687
98428
282935
372308
432458
490936
46036
356932
27147
449137
298894
459686
447944
332397
133191
400424
387934
16299
385604
36944
70746
56844
318963
429695
28314
374471
15701
243887
216366
27353
91566
465538
376227
39007
407173
321396
177873
478371
375608
464656
175765
363735
120246
418029
416198
80064
465804
323374
127583
473797
386063
93996
300643
243313
423726
285369
206845
335457
494058
407469
395747
489007
107401
174683
351460
167358
116874
370973
294567
118637
431756
490112
69053
454278
287804
220202
17305
245657
411352
248398
269955
68000
196404
366480
485970
356513
154988
187330
176894
95740
344445
373542
361306
42526
278167
461880
522
47052
6672
64352
97895
102401
290119
25339
483805
38225
318719
116679
1438
176584
379146
137729
364379
422673
493284
323804
224786
55614
273609
188062
143741
40017
377636
300170
24277
450702
436464
398230
457964
10953
472667
476447
177635
433349
380243
37283
137372
250422
31608
425557
347061
428658
312555
214598
321517
428307
372867
232875
441493
143733
248651
48765
412382
167724
104250
91658
86940
149931
163625
321075
19411
492474
291262
431685
163241
132816
91897
249119
480282
186714
209521
321000
293343
129725
378384
455096
28873
289766
379928
350363
136123
198456
39958
198915
234789
130165
264811
351555
170963
382382
216086
176731
293627
194814
218778
322933
379707
251529
441648
198266
211636
79915
2391
356457
178358
472942
25775
7898
131748
493404
250549
372695
248338
171903
278227
328213
328010
171745
180377
8963
49887
377139
223876
461788
11383
3509
225575
384439
441710
368738
422748
330898
475322
4426
301621
239944
251177
199433
487591
53240
482540
427122
60035
468327
118979
397858
498476
360991
379270
3442
460916
445915
314551
477666
44228
428185
407308
10924
34618
104113
123266
440708
120428
377199
32173
20556
276676
309904
98257
380007
157989
119977
140246
234830
151912
73981
170253
496683
179742
356435
359881
191976
111966
271452
47380
102902
394467
269063
130691
150328
210258
447540
139294
398569
4446
473690
115573
20001
498054
374901
169967
459360
156765
185229
313720
223450
107162
399803
89874
111330
100627
420118
255124
20911
188539
493928
475551
449942
369787
83731
361107
116249
316700
92269
87984
187253
367262
65327
436474
298165
68079
400239
387757
174562
406229
197712
123484
115834
271793
343700
114323
286449
178162
130922
118483
263643
26508
88096
307560
360829
288166
452257
273931
104211
246353
45666
47710
380436
299901
146914
452353
5353
382729
325023
444708
235407
133827
272622
462059
293532
324930
110188
231664
343996
211753
144627
3950
241620
79958
187965
175813
115952
381609
416045
157050
327422
4307
127471
276931
307469
30437
66787
413474
197219
166834
389769
405691
447784
46422
447995
144520
341095
356900
465939
61596
487148
68252
252002
13169
201194
453137
424537
365511
343068
382578
341772
197377
26124
43441
287100
347517
275335
153213
12404
426052
430225
18486
409337
284208
274934
278717
460610
187843
34977
445885
256182
197696
436573
319737
103621
399235
133577
192130
33301
143457
429030
422650
446317
227455
81697
84211
253196
9512
333641
164797
224038
225379
95002
103167
392896
174132
179421
491174
208274
4930
347003
423037
483120
462861
465848
480839
332422
91473
5346
147966
124920
395511
103324
300375
164266
391492
489918
386201
238114
50850
485430
111495
171557
482549
353718
465814
489867
402449
313699
315333
447712
107298
90961
206721
93335
66126
372307
183890
58894
159375
204418
276595
266933
73721
311354
268852
365693
366471
248085
356250
330654
19618
340621
317134
195466
447709
277190
319807
275023
106023
363605
150741
324110
467296
473012
165626
329771
382195
351748
270224
6877
164845
139017
11729
472565
106873
391225
150054
371095
368662
310957
222566
240944
308091
214282
415606
375005
421520
223825
100052
327521
203523
75845
124008
481803
243016
298980
329282
166124
198494
333124
321317
213847
440987
324606
410219
66184
318838
58674
47779
173853
438870
374226
431463
308139
25430
343012
238298
154515
254950
451875
415372
16255
381808
131524
290986
210907
90759
233840
20988
316970
68754
47872
225217
333864
322671
208506
355003
320241
369284
465697
299815
10094
298951
154941
331381
66497
257667
487865
142457
60273
174434
420126
54480
477749
12382
171365
1838
16023
444587
276142
485376
340917
267664
111385
204177
128286
117248
196894
267960
316706
154579
321121
164276
313737
5759
366213
64122
291060
126726
479713
408716
495279
2127
369446
234167
469794
422926
129227
332640
172330
289257
142269
370583
398062
453027
214582
71546
237411
144603
280279
258195
389847
44395
485859
301711
449364
268212
196234
411556
51754
149327
214520
327516
103289
349226
336460
476828
248277
91843
197736
183441
346166
466303
418076
67356
37713
20270
282816
309131
337242
8534
435674
235736
79504
208452
86250
113220
177189
235835
296890
263857
70981
118268
207028
190704
483739
189097
459884
48230
181352
322384
368089
319623
418110
373483
204816
37236
320203
288870
294286
472138
270606
151974
362544
151014
214215
407696
452131
262647
409116
480532
488105
246117
430626
261026
118575
287789
383042
159078
399982
381362
282390
403770
331488
489304
399846
314939
166505
70881
341389
281317
102211
24423
414662
314083
204862
44445
472533
462123
217188
106953
357473
47558
209073
81970
344204
406619
400192
188133
70525
286220
342122
43240
400059
126162
72853
388423
163062
323688
146855
199285
231632
478083
191949
76845
173052
304784
65048
190274
255845
113339
143243
445519
226347
123039
127224
137662
249722
170219
333677
368347
306045
198409
166642
284996
147694
219213
189059
364005
242901
23839
361441
236506
432514
262577
447722
286867
350770
212043
403309
43387
322046
454859
286510
475086
84638
293075
160777
208584
372386
328875
69269
370428
117102
370445
258882
112999
9571
118815
382629
164159
162511
409480
481087
293687
405043
400917
390019
168586
137445
89703
171881
10983
288360
268574
264942
28529
463443
478701
118726
369254
374593
78838
117988
140476
469140
451048
403911
219229
399655
236739
264162
94010
449213
283462
59262
350163
474761
91590
362399
233424
222954
275829
434585
248560
64089
11843
436352
119708
248805
299389
345445
371334
471216
315296
435568
141400
382625
358464
466585
435897
297525
497900
209265
123311
474458
456509
270099
105333
61580
192304
89248
458514
274067
121063
270595
41467
321488
7000
364628
39098
102654
253664
162277
154772
287117
490950
188968
143891
167723
62049
218965
20073
402735
264304
14199
381497
266872
148878
32767
414080
436872
258825
471062
482237
306144
300536
356090
74407
55711
39109
15643
74446
228537
283853
137735
232246
492707
386296
80704
382048
302688
96228
425753
78205
339220
343890
480006
321502
1621
453891
177112
259637
413910
252199
301846
215987
393232
431447
273597
147514
4069
278978
332138
22478
164941
255042
167473
238
157491
275158
164237
140177
161568
124544
268429
456756
267506
258311
151135
52663
471535
118692
294410
470652
69873
186958
498130
494947
59855
15070
467770
5595
103338
145919
221418
381928
395404
17517
45373
299070
499117
455136
245932
69772
409808
445658
383569
347543
68257
201777
449612
408805
484488
120823
490742
353020
404805
398654
76606
231381
390439
368051
439369
205758
161518
38394
176267
378799
282732
453363
481232
231620
221718
391165
291705
417161
376351
18609
4639
335962
283737
352338
101304
171216
178851
469582
227002
55519
389949
108907
73396
186336
355445
377865
379262
171908
481018
489428
216437
130175
184351
86406
105669
246083
129555
65979
264939
439943
410009
137674
149762
466415
287315
111375
482907
345544
386128
459942
245252
181683
194470
490630
28689
11714
325748
129680
80452
53112
467103
37900
31470
497429
33802
28847
606
130823
445374
439990
446881
471575
471845
39750
273729
78106
249272
274232
207967
379525
432665
11654
331774
389151
10542
336218
155668
43466
25712
302619
279717
229695
456038
173460
219847
156556
354107
84618
291734
312218
113602
370375
125382
269762
291312
97949
68576
275231
410707
423674
346071
272872
436181
131647
290999
290975
444519
390974
382703
490344
247247
43941
328672
349265
115104
129477
154511
40306
357327
9607
62763
88373
347629
461547
407448
104428
311489
318768
362043
334000
480025
58063
416069
198657
229115
479702
349181
429291
58277
427689
281037
206565
186955
228790
469127
224689
419011
296394
160171
152156
204655
403352
113624
494892
324763
286678
153538
392347
163099
171855
65095
262512
279233
177628
163704
134003
201294
51945
162122
61020
191799
212133
336394
36577
4009
67059
242475
398639
273930
104288
150426
232844
43311
20233
394061
481425
42852
17404
411164
393644
349671
156540
325739
20500
160544
405422
113797
117012
12304
393934
43553
261590
200564
52634
348864
323067
169532
436491
422173
6264
45607
185391
235675
171072
411404
302279
219763
326938
172878
194594
45015
118206
425621
195362
447427
221015
450793
206057
222965
475883
113147
402611
183668
111313
413580
246887
384981
201659
87393
111168
7969
432372
203280
376853
308230
80501
154276
302193
388789
105935
342152
130301
24093
167772
213780
283465
394321
253293
414059
22516
122438
220676
117752
357156
187963
240807
431387
484963
475840
50066
228773
26639
41205
441145
493616
204300
405
433914
245536
400698
32206
364274
37253
210071
73231
344462
452337
128539
122202
474293
83719
266534
112444
428103
498822
199716
267316
13478
260355
406245
411817
133093
99607
119397
400620
477723
59214
151978
498543
472149
386870
46880
174478
478937
448239
28563
469638
87703
449614
111913
89545
47574
414949
132730
438934
72983
356327
232451
274322
39235
334770
110636
492013
46686
314963
41148
490669
97214
290025
463270
87798
133888
381720
92972
143546
386985
467144
299509
284159
80491
336626
72015
200080
490094
338024
458408
290791
367319
242540
467007
477430
466615
256669
373505
183705
383732
423763
360570
32782
358129
38012
235452
175044
41623
313534
374015
349673
270928
470521
240043
91309
389083
163807
35640
222457
408569
45643
449487
407530
444745
250478
475252
476927
362540
262461
259792
414641
403988
302060
219028
335370
291927
84713
397769
153353
464038
88104
123293
487924
459235
381304
440125
270129
425459
232560
132457
489886
130422
147796
31691
167378
197822
379792
210312
460980
37998
444422
351158
326923
125200
165411
482998
370753
308593
321075
142032
339945
382228
161596
52558
18981
206060
308622
233507
49163
460285
151110
148227
466569
230078
353336
435442
256470
320358
170341
53966
196226
23634
105985
204854
115658
260510
294399
139274
355805
189603
229665
84780
442417
57700
310954
393491
101932
80711
160514
190104
369092
74239
69357
370420
29176
428708
483994
124475
57898
272944
415841
44102
182314
285682
77556
2763
227610
309863
178029
271331
249098
92764
349466
21621
182324
415622
171271
209763
436322
391834
20152
373383
212580
416818
225883
173496
383029
233712
270550
443719
171459
492510
57741
105656
383769
60908
50729
267311
288115
116704
217246
160476
319670
427455
415853
301349
359778
385619
187386
458555
211834
216772
222430
159919
6469
135642
439539
195212
13752
184678
74917
114902
70388
324468
341889
356042
140629
196380
363670
387073
242940
235413
431736
419818
61229
93273
310661
54632
467017
286002
137665
147070
436733
472783
35100
182733
424476
378369
156089
83103
55079
204745
170352
167235
161611
378676
448427
404825
193277
380203
184580
321490
235384
149946
477598
494092
491493
284102
169939
444783
340158
474772
480265
82724
3860
307562
114679
259461
147988
248646
266406
67968
294332
98503
372562
82192
414253
296696
254737
383060
316725
6973
473763
96209
499332
394997
479084
60662
299361
19305
107162
227762
247396
307914
495823
428854
417456
165800
130030
493050
56542
395653
352700
212658
120411
44501
264591
177424
91169
283701
228547
331195
63457
409842
294645
143344
67988
188433
146307
449766
74242
348879
168595
65221
289965
129414
46820
400336
465675
50555
315831
298856
355719
131179
497075
276879
60989
93041
217182
107712
61841
175861
20007
411132
349413
99250
163588
113020
458697
164442
474924
450752
458150
303980
223131
342798
302978
321425
249046
298817
370572
319724
325186
497259
118280
65428
157494
173927
197287
169155
316377
499466
448723
331853
83975
310656
408698
184686
424175
451006
234659
126279
131608
321762
18892
435754
88731
220520
152915
151308
172797
136734
313932
301499
351661
194436
241984
250431
463092
262408
425327
140495
332944
15085
367122
381655
469067
398183
309100
491752
397166
478863
447042
414710
21913
229645
107402
404627
487041
425326
470665
176484
9232
422512
455686
395454
273198
2306
91040
382402
461334
32324
192058
434633
440986
241763
193314
294313
283572
493497
10687
267431
451049
383411
211
93832
286991
58362
367134
73867
202971
178692
223404
411821
385412
390140
383811
388061
319621
361629
313491
297947
351849
72994
469124
343160
41183
336221
384169
317065
397010
466051
327453
232256
376345
147325
139591
41072
160940
361426
149924
406332
172816
18490
457812
343770
20735
68427
16689
462854
387308
126175
312504
310473
104975
405011
394245
241292
264921
102066
148517
414620
119856
274466
218327
494838
405314
221386
398944
59182
213481
196786
41205
87441
325808
460050
194613
117250
136940
415835
226397
52493
416492
296599
7672
183973
3140
166217
32512
207164
139975
205001
398746
350795
92538
196082
314234
230180
169110
195867
11333
5434
332953
361286
241965
265332
408190
85377
488035
372963
459163
379700
339231
102736
221761
457852
348478
329184
434996
171265
464258
77399
87216
94389
64258
335658
29742
327573
231755
299738
439586
72117
253697
281695
15479
486876
204736
455894
53073
275825
52105
110701
476289
34805
14934
348988
110174
299945
209964
418957
3786
158216
411352
109231
409478
49305
308780
270129
419676
394361
274806
99592
494488
162625
75844
403327
408832
154656
348763
329565
126775
470955
27047
106023
374129
368124
62243
430908
110574
280722
166111
3851
262508
416165
188798
184761
160929
446845
38252
485488
219487
462591
330859
299584
295478
300453
456650
111283
196292
462817
292890
232309
294697
352130
149294
35695
317091
196595
181412
117606
32071
80131
342298
35547
209785
56292
459909
269180
65946
153533
86201
356425
173424
263703
73222
202530
192164
349514
425577
33402
340134
161871
466600
215295
34521
295156
127106
50006
110567
91490
275995
153354
454919
38347
247508
255
367704
320787
199014
243679
218391
118429
162889
236816
194706
268831
50152
130720
29610
284893
395090
122068
286582
50001
211627
88639
82037
275110
214717
374511
154646
254904
190046
197887
483664
192217
137626
149668
411308
366350
371526
291538
341189
463010
38071
237984
400887
360075
477977
211105
243707
150687
158759
108410
446764
413034
273093
413991
31924
174339
493620
33598
398828
25665
171567
143033
476441
259480
34688
192203
324999
476011
232481
404108
98051
260738
75539
298528
389291
194530
129190
159836
93401
228364
397189
318755
447377
261202
437764
469120
161416
224352
135597
48752
272481
354479
275026
283343
384890
19833
482557
307038
497873
135442
466712
407744
335613
277862
278744
139378
297889
484284
110068
484913
458994
187227
264527
36314
328870
409002
272167
93446
137106
284484
444750
98529
206871
164798
127306
97041
55099
346158
133680
206662
420860
122587
271737
414677
314899
402791
2158
152161
452068
475271
97967
414464
268869
105944
27186
380217
495201
58255
331197
279865
67925
410316
399927
451966
396981
482111
59814
236639
482310
58988
406141
14204
310042
51228
157573
340396
462206
402841
317623
227383
365928
307761
366736
499036
448286
235951
198497
418435
225592
251249
141264
32191
21995
78058
301060
396679
16641
164195
250550
131896
499914
204336
480701
112465
253692
361970
83251
485102
430855
465285
435528
328508
176932
470597
327067
36357
244087
166272
251196
27891
497329
417801
164926
56881
413153
408307
184135
117926
15094
177010
44519
457091
18498
134158
15814
313772
145981
307630
195892
264229
43405
25162
224138
153779
371807
408725
349042
50111
327173
252717
496480
30786
72044
446882
249994
313192
343734
395769
208960
181483
379483
126299
65681
114377
182497
407683
49485
147068
109343
317649
64260
46959
330428
59307
33546
39431
4498
57934
438125
362495
30907
141994
368597
159609
275451
117487
343267
407566
444900
81535
169913
456378
74430
480784
442506
47214
311197
54927
229683
283466
420584
124161
420933
49378
125455
462955
73353
408366
482809
341390
143633
185442
47616
406490
423959
147919
308546
347035
158565
332073
230565
468138
488111
288570
196754
298213
394768
243713
109162
82839
411554
278428
158388
425108
469116
457890
109638
130008
257754
361304
27482
405093
48909
391123
195003
407491
295651
415686
21470
494093
127687
461812
180803
398771
338628
157886
286758
265161
58117
366324
205321
491671
348570
187714
324217
52082
398618
213574
260470
204022
461018
6173
445031
499205
15292
453921
71474
234796
203631
488271
241688
387801
6393
176703
312649
372381
416202
169133
206479
282691
285791
486262
23966
239573
224324
289427
279904
157557
358933
371548
367620
476545
174004
271870
452398
24502
419370
8107
244054
132383
113031
260536
379714
235525
98939
312568
18664
469390
152282
295251
222596
19207
136906
406790
36726
124913
374173
93563
425164
161830
123491
28620
306608
424116
466589
255773
346240
398782
286772
227387
313217
281065
400703
399999
496979
53593
461721
132214
50175
115966
395779
130075
87941
324579
385838
285478
282358
109870
331359
405291
184400
153197
380126
1325
384996
204919
60339
364989
296723
166065
278
434569
377018
93775
294507
158171
17467
124922
284367
210383
3993
251984
11970
134863
237291
243707
411739
444416
160038
294336
38304
104636
436336
427617
389256
447202
155052
285970
117321
399473
229711
378313
473732
481262
357934
263931
244906
169834
122760
234094
15574
119935
186174
443484
128531
484240
212251
194180
279243
459958
179918
486724
381345
248275
379189
225868
208781
242979
270257
155172
409057
1620
474373
322722
236575
33347
197080
419160
364194
488925
88900
364523
219537
115683
307824
180375
476258
120393
121540
188422
16727
290134
113842
155250
73809
248444
212524
299256
110717
487738
343776
64445
208149
152192
469991
369021
114299
448242
281494
112761
427245
414846
379676
12709
317614
397079
48985
232132
473779
351000
176051
318884
297675
40227
362834
311297
238653
301893
456509
434881
152656
451452
205153
396647
208614
200414
176132
289051
255928
213530
471691
495317
254509
387513
242582
320933
291173
253182
274798
93654
284245
429509
6809
314676
106395
92355
19055
164383
50676
122515
266002
246129
485045
272494
417714
207332
343348
72755
370857
231542
419561
92033
444484
224292
407849
81173
168371
416672
409587
80891
192226
380765
53600
78426
172871
338426
245077
394549
490415
340338
52766
102387
157641
33240
407117
211065
291207
375755
188224
110496
340036
465356
204290
49011
20615
286015
201160
154212
50895
335687
234195
368499
424246
301694
312296
184671
382661
180200
297366
477234
203133
107917
143814
92844
111185
452333
239560
44911
237222
201291
414235
206271
309046
97780
415200
210156
26234
100394
258663
186965
255699
191740
137477
347753
225819
47111
118678
125398
66391
494580
461655
364071
94707
105060
354974
462062
139966
433930
157703
465298
293434
141497
325033
51672
146450
202412
442219
432413
22730
411283
491785
237673
159750
249819
187946
136530
83514
244321
499838
465660
340472
173288
483240
273330
469836
405280
80187
280548
170817
341482
470532
149321
445577
136711
498346
289142
26092
398277
414509
309654
415486
306371
413667
304854
346348
84276
364110
18592
32297
61451
339125
284330
455785
165692
9113
165308
292776
337762
302659
81753
389306
431785
27784
277341
422469
363312
429771
272747
131862
61880
62089
364791
184194
203424
30965
190712
74221
465247
392906
399734
134205
36998
423868
83017
350078
157416
84941
92827
162763
152272
231286
126005
51458
368099
451632
330841
233037
145818
450232
84556
407532
136304
302286
476518
457788
224083
301605
208937
431009
1513
305597
302618
75643
462221
301659
392747
264347
382116
450730
188473
167048
445428
95993
305892
312289
395635
483821
379614
79846
237487
84743
358635
236874
225527
352512
455214
117675
478952
326523
276192
274944
122823
65626
271333
381687
185498
99570
25573
243719
189529
391378
38041
287064
30420
154349
413842
373008
472103
36019
123318
469248
314819
369616
33032
212390
249475
455116
198538
47003
422183
12080
293663
421258
357356
459022
346835
6941
385277
452783
235929
204741
52570
476496
228611
389473
33813
58011
70035
43145
153160
437218
12427
426017
360213
163714
85332
26606
4804
173438
199252
151168
447344
42759
96291
380481
119564
193482
18719
387415
168034
125275
269838
102920
300830
185949
307693
440544
350691
386280
482795
225781
35071
477198
57974
254195
309293
296736
126971
395751
409542
469379
400747
425146
197436
328396
332590
160212
56748
67049
408698
323046
389571
221709
234957
406691
204518
260687
146936
493269
268327
253219
198013
218172
451902
237176
65665
457259
199987
319960
219858
33767
61088
151473
111099
222699
485255
126217
24260
140532
87907
416554
272463
4769
267854
242720
377519
137853
360853
490055
26019
435553
274426
463150
260019
405057
9137
493809
142208
434009
260300
243465
264037
343285
474705
230447
458820
487909
307570
168623
25162
384585
402100
247788
112890
296143
148783
185255
298252
164310
170467
465997
83270
243245
224663
313266
370824
144765
147135
404987
140810
453571
68485
285632
462446
422479
478010
6821
310996
403277
14002
453780
443464
197841
434888
93562
353687
147447
50507
113325
468421
420609
313173
165319
292379
454634
63866
142014
143996
495853
346380
495698
319772
204905
111506
441119
242192
431
445616
343722
78544
338310
284179
345844
383892
130544
12706
395465
121416
440656
334259
221766
281668
367338
413176
451875
225026
370193
205343
81924
364999
81522
470248
286503
75363
479127
228487
56360
386917
191870
119255
406711
170252
59501
278593
202502
314697
191303
201258
59303
39591
2543
224801
431699
255227
84266
20745
69852
132987
288569
169187
1295
176383
428330
203195
328519
225513
214510
282891
82906
155795
276488
153221
347251
327867
13098
203856
235426
391658
150141
123236
407801
14752
77542
476859
450108
55364
58101
342629
102654
43500
114163
381644
363767
379626
465283
467130
35128
171519
26511
244597
135366
232924
359104
113006
100124
40740
79214
441427
47384
484516
297671
23651
132404
24844
363084
310341
168915
101409
260264
175759
133014
144091
200594
11321
286430
429951
236
240972
221069
139027
174475
350550
251745
395492
96146
383106
97231
96651
205054
490662
75845
110287
227265
412163
231081
94325
305958
147052
210062
14455
477187
301221
51918
268533
140453
293578
478998
107703
280258
67079
408314
274156
486544
182180
360029
94490
342538
129218
148662
460449
288153
463618
467545
445344
29850
448520
437735
145514
493096
371524
378686
21889
32297
13563
243629
484357
371159
39739
395901
103125
233376
44602
349297
491140
336328
130507
450570
194629
25694
420615
206553
418559
100705
282537
193375
292404
275574
352630
432094
225173
466044
439030
431877
191879
350237
151272
381834
402285
299900
299527
416054
272461
475739
407198
246054
218299
245899
45457
115836
307177
462434
94421
138671
182186
451505
32568
276175
164952
399883
439707
229568
286144
143948
120878
484001
57639
447836
264460
489178
178484
15000
132821
449153
230609
466399
129006
429189
301749
192333
489330
341241
453904
185738
306886
68975
413965
298088
335510
156662
453183
294207
334428
310953
19252
272704
142864
219331
67055
3959
61671
375811
158642
432946
250290
21640
451762
19521
294453
126215
158026
51984
131566
67227
323014
172227
275011
185879
224356
177908
354457
283424
124281
203382
207051
1094
53754
32085
292046
244845
396654
98110
42253
344746
290362
341601
174967
312365
111821
179628
4403
381175
108338
236914
432134
141844
19522
109087
172935
362417
476125
340243
152333
441523
474488
293958
215221
476497
392590
341665
370136
404339
25758
461705
249378
357341
427743
388608
243213
137822
485320
427881
179035
140506
219219
374486
27317
2151
58468
323954
2305
344464
493611
401231
366535
46219
428405
491452
11804
204123
478102
487077
441451
469990
421475
450546
13768
114923
296146
231726
138756
468178
420832
185749
313438
171358
210499
424385
12882
214916
483415
331154
301358
223130
449236
144433
61519
401735
415436
460168
284425
247109
175202
271485
381021
354638
255526
374692
18682
184836
58160
487710
167633
377302
222317
196383
78019
3394
341002
358067
86762
234616
214781
83194
40220
332319
103396
220791
316689
204827
136248
346897
21578
269865
330062
298872
259867
99084
158626
454439
481769
286131
194528
125432
267818
42449
303340
19194
399735
324625
270100
361398
156363
456405
159411
298763
357517
215422
351628
210567
62495
42363
83305
94067
497768
72593
304785
8652
374586
309666
442721
336497
222360
184601
231081
31238
54875
329063
60810
237437
398182
398310
188115
13576
428722
455206
278178
319197
77114
21630
223284
69056
492380
370589
436276
391182
164630
151092
33460
214981
289364
38502
205428
344376
84940
256628
68876
444990
496247
284224
104190
393249
23130
225163
225565
79507
199460
115088
353101
460788
135005
41190
432519
33459
417983
134854
178023
283812
20145
134097
25254
345794
391451
120115
441909
377640
17560
63281
448051
412075
263418
451015
142235
296399
45086
314089
101937
65917
36611
225074
221314
92170
435694
438665
63521
352522
197077
255410
444631
21164
59144
377673
212749
48681
287375
479050
215454
333525
23510
427416
114901
428855
373210
267757
490009
76301
373096
429759
465264
130960
299453
389775
151402
105790
300420
327647
304228
9481
176092
15037
185320
267367
270371
327368
279967
438544
175227
36382
32686
175746
434332
344321
384282
394945
483391
67564
338657
443999
59253
337988
447267
411407
33990
422950
224017
22614
389660
110984
136251
222055
423370
6413
314277
382444
342800
204086
27713
499995
282392
35424
146649
233715
71304
83187
41604
497129
43359
25038
463853
11132
420892
298201
212111
64786
441122
202352
203208
468823
79502
249768
42503
278352
208459
174682
85610
272062
156368
361701
299792
116119
214082
339102
333060
7300
405994
421597
475978
392150
284937
211220
34164
416276
398948
451669
484067
183745
327514
264957
218234
274302
489675
52936
310654
81247
260634
346321
346984
462296
366471
212533
132173
174141
463724
45226
200532
404549
490268
344388
465638
260793
56326
282915
290376
217410
371360
372404
296154
74351
426905
106846
488390
309916
141519
19916
129024
456729
2703
101769
472893
159808
133017
460767
284371
372270
42363
388172
412565
408405
485757
104975
109273
407089
148461
367675
90164
407137
124797
374092
468206
32019
321280
372299
34328
365650
466624
72691
43199
278736
107899
219050
48968
372820
112198
369885
378877
190319
112283
275678
290983
261561
25893
170006
371075
83081
370559
132675
474096
457454
68774
2150
101401
59740
441904
148503
56895
60013
34142
247065
19587
315100
30337
167546
242121
66699
367399
162772
32457
265674
465898
337503
159975
278855
190106
330616
13554
244703
332783
492993
220391
100401
147243
85825
22930
152909
134233
199000
141315
432394
145752
112550
107017
56837
424927
143405
465458
248145
451532
133021
350482
460428
389719
381409
118732
242068
281250
492716
208293
84971
169694
15242
471135
445819
452610
460942
144622
287135
402506
179148
151501
79021
136601
252774
204299
229050
419829
285587
367506
371521
13651
469904
385497
11958
20101
361906
87657
12888
229044
101550
85068
407635
215405
151983
405566
391942
194963
155874
338305
300587
448305
471107
491626
64440
112561
390065
425213
360953
270068
91571
219171
465732
363495
380909
50640
129629
171427
305741
149341
357471
52952
210586
287604
228774
301402
366436
109824
478824
354451
15006
226662
459519
241244
407047
126100
470120
394633
64008
86920
421344
137727
271051
34610
265862
16040
424669
160107
390421
483998
300771
253915
159407
452485
51087
434955
324821
316923
33138
82473
347293
84196
125573
390394
450458
208584
469917
8398
315124
198175
345148
67791
167924
124771
478587
67924
125430
309438
466071
394225
147009
146231
312951
438958
312471
321025
475711
291633
355254
229290
78725
223347
70437
34230
164837
90801
285663
40758
149512
141786
347143
281821
394911
35130
435371
404176
27362
87650
251708
58726
254944
264687
383024
367138
325799
370464
54636
50018
55340
411560
229650
332812
236741
465073
335280
134242
470266
168847
54306
122580
273276
419102
124913
291023
198233
343811
137008
192286
96560
35754
100203
94657
439866
196174
269948
477480
356850
4780
316608
253561
22383
466865
236899
453279
299745
190489
184835
189791
131457
140974
231802
332239
469497
57690
217230
45752
313005
432370
272608
70530
179468
199527
31334
310116
485608
61463
134841
410895
345670
388334
336018
281746
316375
61506
60674
472856
200517
334074
166767
450435
117916
123792
167302
284214
234875
350959
123529
321236
65328
244190
383037
171283
47783
30209
428523
412314
407710
85693
408463
9502
378894
496431
369846
1603
302355
254402
242566
48185
80118
20638
198889
11211
61729
173128
131053
461822
344204
204393
122822
186298
155740
252675
250703
490045
30755
92743
491436
106323
36805
38460
3122
23137
437401
210566
117717
99887
401148
169540
139220
81924
298461
157425
424691
310280
385389
351181
157505
118181
73072
353621
272497
310997
347401
47740
134803
308190
338404
9957
28062
417592
260921
320105
243698
344310
491911
233250
127530
127718
70944
8778
490512
463605
324536
69111
494650
291895
12528
418650
5452
91718
221577
282219
41881
338217
159145
428635
348093
485607
329745
252626
330316
44805
5356
361171
469617
382853
266742
164575
355785
134029
140377
358239
324916
147188
210140
185084
362962
135954
122128
341552
279243
83801
81188
185417
441377
201772
316116
422331
395876
77508
241210
410805
191879
19555
425390
402484
32453
412788
56372
199476
263079
398593
402227
282488
183601
245216
351057
341409
277246
177445
112517
787
174474
161581
457948
112357
277640
236710
326386
433388
333084
478053
438532
70197
48156
344597
4362
281401
401700
87722
120390
243432
165007
112420
276087
249286
306174
113579
423217
82560
153154
369469
276475
231949
163888
41255
471032
60957
65843
168190
93389
482298
219729
492946
256515
196182
406961
308287
320810
412725
160220
481932
98278
142145
23409
296557
328562
308838
25364
12263
242775
250156
446318
21651
118051
348465
346747
308854
210214
249400
355149
323392
269176
79390
412242
322798
307872
206607
293046
430932
26622
293243
260103
225680
167944
124468
496290
272947
154511
270454
12853
102262
211444
198344
128241
112425
238014
64054
365431
29919
386507
381670
278008
415762
462477
192603
416975
195193
279519
354612
90431
102964
272987
178920
226700
347766
461464
410898
364487
237826
4198
478462
430922
401144
64280
72102
385048
341378
218555
108972
246647
143195
461508
487858
240036
118472
491707
18237
254606
237971
121641
334960
170428
405754
69624
142152
186968
325414
202776
5868
499328
276833
228236
281294
62105
184177
158214
66780
195161
115853
465048
61508
190200
262915
268366
368961
30941
473429
300608
307182
424592
39607
34995
413440
178658
494620
193046
239482
423947
388709
442328
378338
69869
248233
113698
381372
379612
235139
93441
89302
88659
453206
372818
473262
454717
128923
491893
417514
98707
84146
487809
93327
197834
68479
495502
350198
178463
24798
21423
97994
420099
98379
305247
281503
315775
369798
53792
73090
58062
417398
61427
213384
189115
82360
309571
209980
442076
364706
293921
311655
337880
220824
203109
499583
291721
221992
415153
98770
178026
184882
344906
176126
17860
352919
85761
433826
211704
157052
294949
170361
295807
405274
343917
276847
485745
353338
333614
446102
463417
143815
180306
193591
60716
112294
483538
106844
20243
405669
38232
491548
324489
304704
2695
108720
397327
79554
32070
327365
72203
347448
76949
231925
154790
30857
109107
441305
430098
58122
216247
459300
376818
152035
163578
84595
182603
31059
454147
159756
355001
202775
50008
67121
172181
57600
184663
145309
282853
164325
484104
372804
61441
366071
352880
61259
258279
418528
209756
142081
194687
422369
40239
342760
257171
395330
407225
303279
108252
263073
390194
94804
37984
17968
252708
117786
84308
161800
241901
58915
229809
72136
349539
139674
95677
52237
91095
383957
434099
102571
178959
498972
458987
260132
478347
451165
310888
347597
248333
101306
188933
475375
140766
481641
490153
126874
159889
450071
150763
438881
95662
290916
197118
993
295612
132146
121794
99615
494420
409491
424795
26323
81879
82675
334550
218661
403536
454604
156945
468188
364416
409810
82439
384733
95699
138031
158890
168727
200375
244541
165787
107510
498545
192415
177224
317042
77337
46128
109942
360438
32581
116355
5997
71100
468248
110777
209427
433372
281233
265905
131906
378298
265571
404809
430654
213606
23231
404852
186868
438148
40597
17175
123642
292733
189015
486681
440792
57599
305901
305225
273048
95782
84671
331370
175193
204565
90816
229603
43182
51226
181540
321710
252763
264141
326211
4970
311819
79997
150586
498533
231823
25926
212903
335778
317983
294550
311089
453578
279585
273104
306547
476957
231308
218197
308250
232216
364975
81815
479929
205872
142102
437945
32942
119656
226527
74270
406229
411658
43822
308642
294430
136717
150016
352475
58197
108471
138833
317488
236898
398435
9592
65458
121076
70251
184802
180851
477293
10031
49975
125678
166945
305681
100379
488293
444804
288906
169885
226600
467580
217807
287387
40310
145845
367772
444971
266990
3796
85036
369834
245102
284386
75896
192532
324026
400316
386044
437269
126556
100185
255044
57442
181445
485781
415897
196964
322115
418575
91409
466245
265874
345652
123818
182980
96417
169184
229295
325989
102097
140381
287099
89309
29853
497284
121708
404845
188590
411276
152553
313828
109659
154219
388204
266260
338289
428502
464716
302238
343116
167621
7700
102228
390383
411019
316802
66578
155293
11319
336815
368465
277955
16111
133619
116755
198389
329681
247896
10377
286563
289652
420718
307531
389565
86467
20614
36214
25727
337466
210991
321224
166236
334650
487913
182407
77684
390540
377415
468103
309999
479330
49883
395574
385145
60101
426672
208711
255757
35269
352351
22597
79622
467571
461646
490825
66935
237897
24419
235097
450246
52403
309599
351393
149109
2803
282053
436115
260330
243812
369209
168185
283011
79324
323965
224777
159483
421063
178360
99083
69847
304143
61957
29463
336375
445569
425522
476506
65601
310052
352275
98796
494036
310088
11139
43764
137617
279996
191186
377438
353367
37121
330109
200635
363327
445919
4603
297767
346226
396369
465526
404024
8538
41314
462780
80489
24234
282891
117459
114606
63564
798
201263
446361
393014
312973
290285
155841
157620
223374
102063
474073
483052
116369
143384
391913
148488
229381
66437
236154
419458
48454
362661
245272
146666
112226
141656
351054
163681
52171
499899
272178
367978
115098
282971
114153
361884
8739
186739
373117
162820
347321
241848
159572
471123
49774
43293
40022
420375
12837
441549
327805
155665
316062
353701
21795
37139
398530
354093
104851
186778
483382
160902
170996
341961
369311
345610
259667
158955
308112
423570
7208
240072
30968
324508
58596
444034
275965
363946
342021
297824
450154
86783
45530
56255
425852
173887
38498
381424
401987
202183
488520
14877
193082
255876
231761
210133
316418
223218
433433
77755
152487
223361
386475
77974
498229
141254
385352
323521
18736
165069
447126
430339
323984
481193
30273
137730
290030
106241
417891
159207
212282
271705
469144
185974
116235
168744
356398
302893
219616
462635
474071
112177
497185
23126
310212
207566
151040
178442
478548
483732
35356
497021
376727
97988
171633
133684
355661
228581
465930
453537
67169
9543
215018
312979
113100
203630
305672
408078
98919
114626
98189
57379
60618
61497
178420
181127
375939
343300
410602
374303
364425
313032
398972
495541
128082
247728
50765
174890
472655
68149
197724
96560
295588
356303
80127
148816
308040
447036
436841
464913
31573
20981
480194
108466
359360
353779
403911
124763
173464
310131
400453
26253
33908
487216
192438
106185
166128
307980
470530
277677
274831
470862
121857
466119
341383
371160
340822
464404
263111
59827
130082
101658
48639
366551
281880
478790
398637
34703
477714
31379
55161
342776
438158
24185
386918
386574
442446
461734
253005
226379
61664
297725
253096
455898
97034
91160
28579
34880
373152
190494
151268
2264
335118
366509
388070
460915
422942
438439
343901
1571
323747
178666
72781
111734
353366
80560
56761
469233
1214
201194
195121
388880
232674
433469
477445
208761
332904
200234
352861
365403
61901
331152
55954
374570
240567
194430
280001
298589
439637
276282
314846
444510
89654
76945
148325
379372
300382
36822
215337
420344
301569
227934
31131
129764
271095
221560
358827
173040
223165
467095
234401
164574
430358
152843
13826
147244
41954
324383
172495
303339
331966
217278
375210
446607
125085
484538
28765
129030
184970
71311
27226
28772
324670
6355
15906
43640
85835
302982
317897
198282
429522
158155
465338
278448
474598
342563
103598
213234
121828
19397
255908
41735
55952
176016
378983
86345
404409
11904
109815
417666
167352
457112
239268
199397
110714
383672
301828
250032
398707
37176
400078
79345
74548
323291
319247
414060
238161
402467
229569
65471
94489
498049
444251
317276
202409
122394
267084
490710
374700
136664
470776
405882
206222
471499
280034
285599
98864
8810
321166
253943
16205
206517
145965
356717
349823
350177
17593
226119
472501
323415
424130
137979
355984
214324
253845
471343
21927
373889
475285
423907
297157
231232
365528
447444
131731
27837
188620
242245
294961
266271
416813
283381
386058
343812
386046
146915
317812
175662
247001
109896
264944
446185
487324
57560
388381
339071
264269
479438
496005
146738
390002
449028
330503
203560
90432
363598
106339
295379
320981
215030
408099
310495
266516
365016
125148
216739
309316
370530
346968
35065
200844
205507
205679
125897
317428
192236
139998
396828
380373
91797
271687
205163
412373
397211
45501
31718
442195
344270
92427
291269
122034
379016
161074
493414
165527
402834
458247
321235
438107
369365
404918
198221
283033
492907
238194
205704
408926
153294
176426
77886
377047
6080
455840
217886
21256
248581
451145
199272
133846
254103
182962
122756
163769
402386
177108
162288
108674
24011
349472
164625
404122
63023
75281
216171
31335
241076
460233
15181
223788
439335
251221
60953
293826
230663
187830
184229
146360
409678
163439
453544
250204
393410
198359
219624
133562
143191
354206
8342
289564
229287
460703
173025
279740
221812
432768
455908
197991
251693
473471
34786
298392
421495
232973
321011
64634
251605
64737
24238
428821
193012
401257
123462
280143
253728
307986
430935
311104
442956
416951
269941
434263
81683
450367
45374
424561
133323
331324
359444
388939
405822
362056
98299
487016
179942
394526
433675
497799
377379
127041
363641
114194
469446
457255
441144
246956
208458
71407
451537
167574
97210
395002
486329
334887
23798
213790
283957
37377
199806
22480
157864
416789
189403
398875
59031
317587
291888
41092
267572
318299
408575
236346
43945
488294
157262
148971
395500
358307
103852
313767
253993
126417
147792
5570
487513
1677
389630
386420
89905
242436
60386
400581
66137
383737
414005
411347
117888
415075
237264
120827
66884
464939
160557
362645
51214
30067
147061
378874
140352
280646
451771
1230
304226
412744
13768
84062
365602
101486
190507
103578
178590
308485
472789
314214
173470
338955
198535
415092
246844
148692
245252
317
41207
109329
181443
77739
353655
111001
219938
328368
121720
15925
390768
37505
328588
131552
3409
170001
387956
205930
317071
185398
379647
248788
200503
326398
483698
265118
454062
6158
58976
402541
219374
370451
308440
308614
306820
259545
486624
84349
322439
1039
123163
155098
397177
457459
317579
363224
280641
327496
131240
130871
476247
371473
57011
197680
400713
67504
111561
325978
147886
421794
130643
99806
380313
210116
375724
499828
378328
260876
286982
429807
460321
399061
136878
445898
48697
153517
159047
202536
333499
252569
113988
102038
466718
436094
111762
23275
324318
148930
73786
178346
67726
371122
291680
93807
462864
338049
78446
38907
117331
326978
397609
461544
362930
48056
389784
464661
40441
324203
270680
74017
453978
234922
168403
493619
194868
458745
333610
62073
55566
236349
20330
420570
95151
7778
87627
376646
56804
21048
192629
246026
320189
402851
481556
284230
375556
56040
415090
71830
149356
55885
358516
265746
453435
240185
202986
96463
466590
326936
285814
336343
141282
159934
163877
65987
263824
320867
130167
216077
432926
212171
93713
74493
235258
400647
221850
318831
373268
107194
48967
331668
226502
97826
358042
363364
250788
329237
480083
234421
179201
10547
384007
231264
18384
40405
71663
318385
418379
96172
311073
489587
338296
445539
364354
271252
99800
218641
474495
204673
412144
44095
458159
96462
230156
231903
36377
186906
10769
299019
331229
277119
200525
361166
392900
350599
133308
449212
346001
265662
100001
90751
234057
384946
331488
270113
32489
489527
351559
87770
300140
140364
173735
90011
142122
381105
241210
478804
24364
208536
401314
461678
149980
248342
492881
77358
201867
452581
153921
341101
113977
385100
329067
462355
321447
14506
315342
293202
315029
199691
174238
9623
343543
277201
92437
312320
49426
409833
60290
151244
276919
36188
249440
475844
444102
472120
419433
499328
410763
33865
499666
297300
180284
433463
324861
264460
401746
452719
329061
125770
374216
272616
316434
282576
93367
274071
93056
228284
407753
352564
42279
218565
406769
426849
37939
436853
283131
222546
410880
242427
84052
324287
484894
262425
322466
276302
78523
287924
63100
64582
457836
447330
89810
154280
459227
430497
453715
228522
259633
52751
212567
214166
259440
201286
282482
232488
22881
150929
134643
378844
261299
498554
104277
492542
360446
432009
320144
328582
171650
206766
102490
331512
76850
301000
155786
193986
310461
280346
37200
433694
199810
53055
381120
46759
432293
351814
70790
46080
267587
380904
454452
5861
304660
134698
301670
349437
162499
102371
169311
230479
378731
197620
238836
139509
232963
27560
461589
182827
122938
423881
146831
271448
286723
453970
32393
233495
476006
164911
55763
315582
368076
28505
457103
238293
463062
290057
318396
437227
126518
125359
405133
210705
40728
417917
76938
256260
362032
442307
244793
368870
90562
184517
479399
467199
20723
26109
447550
452379
178305
4050
289586
233507
117086
171869
487955
338078
475804
188046
327514
334967
169838
133794
223290
446771
129358
206329
180346
429195
407994
281376
169466
467745
92716
211612
61365
370118
124045
242601
262270
66000
451358
332318
354670
202589
255938
397163
16944
52171
290452
155910
57806
83483
403446
361953
25874
466138
27058
450259
454435
158678
25005
39129
82312
297432
50728
6988
261221
63273
56549
54972
386091
246391
188109
143065
55512
185017
170929
210152
429361
108365
300759
397523
157360
154016
328814
162322
390536
4108
375847
34538
422102
302217
43856
330744
460566
29787
245193
89732
239292
141868
186622
24204
343393
191698
73352
385483
135376
211689
58354
470116
441743
379733
269612
287008
63618
445393
249368
115382
111432
121334
456850
228660
306205
142706
403409
400543
60021
474964
438250
245342
110491
250406
116041
253088
288878
83958
223424
96587
36567
395980
350939
428754
361955
6780
426948
287200
412009
170695
336308
77926
319395
100968
252375
241655
55622
194331
190784
320482
229993
301345
180926
490007
283307
201824
419608
36561
155455
356624
20289
461046
411207
28049
493273
447504
410783
149840
169164
330566
253547
354773
388057
263962
440984
370096
122650
116792
430287
353352
370640
347690
349173
151109
225735
450171
164091
395789
12664
229688
36732
18582
11384
237890
